waypoints:
  - latitude: 30.0001
    longitude: 31.0001
    label: "wp1"
  - latitude: 30.00015  
    longitude: 31.00025   
    label: "wp2"
  - latitude: 30.00035    
    longitude: 31.0003
    label: "wp3"
  - latitude: 30.0004
    longitude: 31.0004
    label: "goal"
